***BINARY TO DECIMAL CONVERSION; 0-255***

0 - 0
<----------------------------------------->
1 - 01
2 - 10
3 - 11
<----------------------------------------->
4 - 100
5 - 101
6 - 110
7 - 111
<----------------------------------------->
8 - 1000
9 - 1001
~~~~~~~~~
10 - 1010
11 - 1011
12 - 1100
13 - 1101
14 - 1110
15 - 1111
<----------------------------------------->
16 - 1 0000
17 - 1 0001
18 - 1 0010
19 - 1 0011
~~~~~~~~~~~
20 - 1 0100
21 - 1 0101
22 - 1 0110
23 - 1 0111
24 - 1 1000
25 - 1 1001
26 - 1 1010
27 - 1 1011
28 - 1 1100
29 - 1 1101
~~~~~~~~~~~
30 - 1 1110
31 - 1 1111
<----------------------------------------->
32 - 10 0000
33 - 10 0001
34 - 10 0010
35 - 10 0011
36 - 10 0100
37 - 10 0101
38 - 10 0110
39 - 10 0111
~~~~~~~~~~~
40 - 10 1000
41 - 10 1001
42 - 10 1010
43 - 10 1011
44 - 10 1100
45 - 10 1101
46 - 10 1110
47 - 10 1111
48 - 11 0000
49 - 11 0001
~~~~~~~~~~~
50 - 11 0010
51 - 11 0011
52 - 11 0100
53 - 11 0101
54 - 11 0110
55 - 11 0111
56 - 11 1000
57 - 11 1001
58 - 11 1010
59 - 11 1011
~~~~~~~~~~~~
60 - 11 1100
61 - 11 1101
62 - 11 1110
63 - 11 1111
<----------------------------------------->
64 - 100 0000
65 - 100 0001
66 - 100 0010
67 - 100 0011
68 - 100 0100
69 - 100 0101
~~~~~~~~~~~~~
70 - 100 0110
71 - 100 0111
72 - 100 1000
73 - 100 1001
74 - 100 1010
75 - 100 1011
76 - 100 1100
77 - 100 1101
78 - 100 1110
79 - 100 1111
~~~~~~~~~~~~~
80 - 101 0000
81 - 101 0001
82 - 101 0010
83 - 101 0011
84 - 101 0100
85 - 101 0101
86 - 101 0110
87 - 101 0111
88 - 101 1000
89 - 101 1001
~~~~~~~~~~~~~
90 - 101 1010
91 - 101 1011
92 - 101 1100
93 - 101 1101
94 - 101 1110
95 - 101 1111
96 - 110 0000
97 - 110 0001
98 - 110 0010
99 - 110 0011
~~~~~~~~~~~~~~
100 - 110 0100
101 - 110 0101
102 - 110 0110
103 - 110 0111
104 - 110 1000
105 - 110 1001
106 - 110 1010
107 - 110 1011
108 - 110 1100
109 - 110 1101
~~~~~~~~~~~~~~
110 - 110 1110
111 - 110 1111
112 - 111 0000
113 - 111 0001
114 - 111 0010
115 - 111 0011
116 - 111 0100
117 - 111 0101
118 - 111 0110
119 - 111 0111
~~~~~~~~~~~~~~
120 - 111 1000
121 - 111 1001
122 - 111 1010
123 - 111 1011
124 - 111 1100
125 - 111 1101
126 - 111 1110
127 - 111 1111
<----------------------------------------->
128 - 1000 0000
129 - 1000 0001
~~~~~~~~~~~~~~~
130 - 1000 0010
131 - 1000 0011
132 - 1000 0100
133 - 1000 0101
134 - 1000 0110
135 - 1000 0111
136 - 1000 1000
137 - 1000 1001
138 - 1000 1010
139 - 1000 1011
~~~~~~~~~~~~~~~
140 - 1000 1100
141 - 1000 1101
142 - 1000 1110
143 - 1000 1111
144 - 1001 0000
145 - 1001 0001
146 - 1001 0010
147 - 1001 0011
148 - 1001 0100
149 - 1001 0101
~~~~~~~~~~~~~~~
150 - 1001 0110
151 - 1001 0111
152 - 1001 1000
153 - 1001 1001
154 - 1001 1010
155 - 1001 1011
156 - 1001 1100
157 - 1001 1101
158 - 1001 1110
159 - 1001 1111
~~~~~~~~~~~~~~~
160 - 1010 0000
161 - 1010 0001
162 - 1010 0010
163 - 1010 0011
164 - 1010 0100
165 - 1010 0101
166 - 1010 0110
167 - 1010 0111
168 - 1010 1000
169 - 1010 1001
~~~~~~~~~~~~~~~
170 - 1010 1010
171 - 1010 1011
172 - 1010 1100
173 - 1010 1101
174 - 1010 1110
175 - 1010 1111
176 - 1011 0000
177 - 1011 0001
178 - 1011 0010
179 - 1011 0011
~~~~~~~~~~~~~~~
180 - 1011 0100
181 - 1011 0101
182 - 1011 0110
183 - 1011 0111
184 - 1011 1000
185 - 1011 1001
186 - 1011 1010
187 - 1011 1011
188 - 1011 1100
189 - 1011 1101
~~~~~~~~~~~~~~~
190 - 1011 1110
191 - 1011 1111
192 - 1100 0000
193 - 1100 0001
194 - 1100 0010
195 - 1100 0011
196 - 1100 0100
197 - 1100 0101
198 - 1100 0110
199 - 1100 0111
~~~~~~~~~~~~~~~
200 - 1100 1000
201 - 1100 1001
202 - 1100 1010
203 - 1100 1011
204 - 1100 1100
205 - 1100 1101
206 - 1100 1110
207 - 1100 1111
208 - 1101 0000
209 - 1101 0001
~~~~~~~~~~~~~~~
210 - 1101 0010
211 - 1101 0011
212 - 1101 0100
213 - 1101 0101
214 - 1101 0110
215 - 1101 0111
216 - 1101 1000
217 - 1101 1001
218 - 1101 1010
219 - 1101 1011
~~~~~~~~~~~~~~~
220 - 1101 1100
221 - 1101 1101
222 - 1101 1110
223 - 1101 1111
224 - 1110 0000
225 - 1110 0001
226 - 1110 0010
227 - 1110 0011
228 - 1110 0100
229 - 1110 0101
~~~~~~~~~~~~~~~
230 - 1110 0110
231 - 1110 0111
232 - 1110 1000
233 - 1110 1001
234 - 1110 1010
235 - 1110 1011
236 - 1110 1100
237 - 1110 1101
238 - 1110 1110
239 - 1110 1111
~~~~~~~~~~~~~~~
240 - 1111 0000
241 - 1111 0001
242 - 1111 0010
243 - 1111 0011
244 - 1111 0100
245 - 1111 0101
246 - 1111 0110
247 - 1111 0111
248 - 1111 1000
249 - 1111 1001
~~~~~~~~~~~~~~~
250 - 1111 1010
251 - 1111 1011
252 - 1111 1100
253 - 1111 1101
254 - 1111 1110
255 - 1111 1111